[FLAG]
noise = 1

[PRIOR_VALUE]
tau0 = 5.000000e-01
reff0_t = 8.000000e+00
reff0_b = 3.000000e+01
k0 = 4.000000e+00

[WEIGHTING]
tau0 = 1.000000e+00
reff0_t = 1.600000e+01
reff0_b = 6.000000e+01
k0 = 8.000000e+00

[CLOUD_PROFILE]
ztop = 9.000000e+00
zbase = 8.000000e+00

[AEROSOL]
aerosol_season = 1
aerosol_haze = 4

[WAVELENGTH_FWD]
lambda0 = 550.00
lambda1 = 1700.00

[WAVELENGTH_RET]
lambda0_ret_vnir = 6.300000e+02
lambda1_ret_vnir = 6.700000e+02
lambda0_ret_swir1 = 1.180000e+03
lambda1_ret_swir1 = 1.300000e+03
lambda0_ret_swir2 = 1.500000e+03
lambda1_ret_swir2 = 1.700000e+03

[ALBEDO]
albedo_file = /deos/trismonock/CLOUD_RETRIEVAL_PROFILE_FULL/DATA/albedo_sea_water.dat

[ITERATION]
iter_max = 15

[NOISE]
rad_noise = 3.000000e-02

